10101010
10110011
11010101
01010110
01010111
01010010
11101101
10110111
10101010
10110011
11010101
01010110
01010111
01010010
11101101
10110111
10101010
10110011
11010101
01010110
01010111
01010010
11101101
10110111
10101010
10110011
11010101
01010110
01010111
01010010
11101101
10110111
10101010
10110011
11010101
01010110
01010111
01010010
11101101
10110111
10101010
10110011
11010101
01010110
01010111
01010010
11101101
10110111
10101010
10110011
11010101
01010110
01010111
01010010
11101101
10110111
10101010
10110011
11010101
01010110
01010111
01010010
11101101
10110111
10101010
10110011
11010101
01010110
01010111
01010010
11101101
10110111
10101010
10110011
11010101
01010110
01010111
01010010
11101101
10110111
10101010
10110011
11010101
01010110
01010111
01010010
11101101
10110111
10101010
10110011
11010101
01010110
01010111
01010010
11101101
10110111
10101010
10110011
11010101
01010110
01010111
01010010
11101101
10110111
10101010
10110011
11010101
01010110
01010111
01010010
11101101
10110111
10101010
10110011
11010101
01010110
01010111
01010010
11101101
10110111
10101010
10110011
11010101
01010110
01010111
01010010
11101101
10110111
10101010
10110011
11010101
01010110
01010111
01010010
11101101
10110111
10101010
10110011
11010101
01010110
01010111
01010010
11101101
10110111
10101010
10110011
11010101
01010110
01010111
01010010
11101101
10110111
10101010
10110011
11010101
01010110
01010111
01010010
11101101
10110111
10101010
10110011
11010101
01010110
01010111
01010010
11101101
10110111
10101010
10110011
11010101
01010110
01010111
01010010
11101101
10110111
10101010
10110011
11010101
01010110
01010111
01010010
11101101
10110111
10101010
10110011
11010101
01010110
01010111
01010010
11101101
10110111
10101010
10110011
11010101
01010110
01010111
01010010
11101101
10110111
10101010
10110011
11010101
01010110
01010111
01010010
11101101
10110111